$ANSIBLE_VAULT;1.2;AES256;seattleflu
61306166323634626438306161373634636639616234386166636234303462306330653336343136
6236333064666166336263623438366633343335623333340a666633613563643837653633353439
30316561373161363933646232336339356362386563346333326164393964613861666532306661
6662656535653430610a646230343662316461616564393535613064363531343561666630323739
36613162636339656533323531346238373032303861353866353330366264633430316331623365
62616433333366656330633765623161353839303366316630373162353833626263623932396166
38386537633932313533646139613263336463346463306239623335643530626664393733633462
33316335303232626339626664336261313035313038373338386563613062306237383431333361
34653131373239396466616433346462633364356138613664643931313036346339336530353062
64353736653934323130643730633436396163396234613663326539373435636461363965343336
32343733383863643331333862356635333561383430383561326130623631336364373162666661
36333732306630623635623564663765333732336337313437626331363265376134366663623035
37303632356633643763336561376361656134633961656466643464363431353835633939376136
39663235633638316465663064633132626463356636626634373662373063373061313666326634
37333935616563623832373636363761323438323766663234333530646561373738623133393036
35653166326233353835316566396265323866626466633437353836633439386166366235303034
66373261393563636530396135663232616234623738396238306365363739616236306133343163
33656164306430643539643962313739303465346335333165646663313530616335663063376561
37396437636335373136623062353034343536373538636165366563633732353936396430633333
32666539316465393833613466613239393731353637636637663364373538396438303566353333
62653232623161356565383030616337613939396564363833396538343537306234636662383030
61323432623935363434323161336438613233653664653233383663633730353734613066343232
34383635636564656166326564646338386538373364656332356461326261636531313061633732
39616238636263363462
